3 1.1619999895629007e-05
4 8.619999971415381e-06
5 8.660000094096177e-06
10 1.3390000003710156e-05
20 1.8249999993713572e-05
30 2.5049999931070487e-05
40 3.122999987681396e-05
45 3.348000000187312e-05
50 4.005999990113196e-05
55 5.9249999958410625e-05
60 4.9759999910747865e-05
75 7.209999994302052e-05
100 0.00011478999995233608
125 0.00015276000003723312
160 0.00019448999983069372
200 0.0002712699999392498
250 0.0005137500000273576
350 0.0012604800001099648
500 0.0030471200000647515
600 0.006195399999887741
700 0.006168039999920438
750 0.008002420000048005
800 0.00862120000010691
900 0.010550190000139991
1000 0.013505050000094342
1500 0.04207664000005025
2000 0.08256966999997531
2500 0.1430034600001818
3000 0.22769849000023895
3500 0.3324293400000897
4000 0.47981988999999886
4500 0.5443087399999058
5000 0.7269573900000978
5500 0.9340406499999517
6000 1.1726988299997174
7000 1.795738650000203
8000 2.666500050000104
9000 3.607437590000063
10000 5.063246909999816
