3 0.009626149999985501
4 1.1019999874406494e-05
5 1.1250000079598977e-05
10 0.009231049999834795
20 0.003946079999968788
30 0.0023195799999484734
40 0.007161960000030376
45 9.827999983826884e-05
50 0.0053785800001605825
55 0.0018914899999799672
60 0.005030129999977362
75 0.004417219999868394
100 0.00019329999977344415
125 0.00036053999992873286
160 0.0035500999999385384
200 0.000556730000062089
250 0.0011282600001322862
350 0.0026458300000740563
500 0.008619220000036875
600 0.012257770000178424
700 0.018418910000036703
750 0.022557840000172292
800 0.02821345999991536
900 0.0337284100000943
1000 0.04343107000013333
1500 0.12797656999991885
2000 0.25800818000006986
2500 0.44863565999994537
3000 0.7167369300002064
3500 1.1020404100002452
4000 1.5453397100000075
4500 1.9160349000001589
5000 2.5273629399999664
5500 3.316327209999963
6000 4.174978559999909
7000 6.334469870000066
8000 9.712918360000003
9000 13.084178169999996
10000 18.153383779999878
