3 5.745999999362539e-05
4 4.792000001998531e-05
5 4.711999997653038e-05
10 5.068000000392203e-05
20 6.209999999100546e-05
30 7.583999999951629e-05
40 8.383999995658087e-05
45 0.00011938000000100146
50 0.00013652000002366548
55 0.00010839999999916472
60 0.00010202000000845147
75 0.00014677999997729784
100 0.0002302200000031007
125 0.0002114399999982197
160 0.0002648399999998219
200 0.0003397599999743761
250 0.0005631999999422988
350 0.0012871999999788386
500 0.0025073399999882896
600 0.0049660600000379414
700 0.006256459999985964
750 0.007183840000038799
800 0.00818460000000414
900 0.011411139999972874
1000 0.0164879400000018
1500 0.049755720000007386
2000 0.1065938600000436
2500 0.17970054000002164
3000 0.2752480800000058
3500 0.42635960000000067
4000 0.5936660800000026
4500 0.7591586999999891
5000 0.995077520000018
5500 1.401617299999998
6000 1.6813899799999945
7000 2.5552854999999908
8000 3.559744959999989
9000 5.770317999999952
10000 8.252694259999952
