3 1.2779999974554811e-05
4 1.147999998920568e-05
5 1.1519999998199636e-05
10 1.3419999982033915e-05
20 2.035999998497573e-05
30 2.7359999990039796e-05
40 3.269999997428386e-05
45 4.897999997410807e-05
50 5.760000001373555e-05
55 4.890000000159489e-05
60 4.5579999982692244e-05
75 7.454000003690454e-05
100 0.00013965999996798928
125 0.0001504999999951906
160 0.00019389999999930296
200 0.0002461400000129288
250 0.0005206199999747696
350 0.0013693599999896832
500 0.002786300000002484
600 0.004518660000007913
700 0.005857859999991888
750 0.006938899999977366
800 0.008302419999972699
900 0.010219419999998536
1000 0.014173239999990983
1500 0.04206429999999273
2000 0.08016575999999986
2500 0.1420694400000002
3000 0.22296682000001056
3500 0.3425558599999931
4000 0.4809693199999856
4500 0.5381105200000093
5000 0.7498891999999614
5500 1.0184911000000283
6000 1.290878520000024
7000 1.917099000000053
8000 2.7853821400000016
9000 4.027159339999935
10000 5.220730859999913
