3 4.486000002543733e-05
4 4.2980000034731344e-05
5 4.356000001735083e-05
10 4.53599999900689e-05
20 5.2000000005136825e-05
30 5.955999999969208e-05
40 7.043999999041261e-05
45 0.00010594000000310188
50 0.00011190000000169676
55 8.196000003408699e-05
60 7.785999998759508e-05
75 0.00010851999998067186
100 0.00017059999997854903
125 0.0001653799999758121
160 0.00019140000001698353
200 0.00026319999999486755
250 0.00044834000000264495
350 0.0006800200000043333
500 0.0017893400000048131
600 0.0036976000000095155
700 0.004849460000014005
750 0.005753899999990608
800 0.006385060000025078
900 0.017227100000013706
1000 0.011362639999993008
1500 0.03382523999996465
2000 0.08188093999999638
2500 0.14507318000000852
3000 0.2212410999999747
3500 0.3131436199999825
4000 0.4601963999999953
4500 0.5879695399999718
5000 0.7526298600000019
5500 1.0022601600000143
6000 1.2060415800000555
7000 1.7277532400000382
8000 2.4682924999999614
9000 3.44913604000003
10000 4.551088159999926
