3 6.765999999061023e-05
4 1.846000000114145e-05
5 1.869999998689309e-05
10 2.5180000011459925e-05
20 3.2760000021880845e-05
30 4.903999997623032e-05
40 8.053999999901862e-05
45 8.768000000145549e-05
50 9.938000000602188e-05
55 9.643999999298103e-05
60 8.841999999731343e-05
75 0.00013050000000021101
100 0.00024196000001666106
125 0.00026403999997910433
160 0.00037293999998837534
200 0.0005168800000092233
250 0.0012741599999799291
350 0.003412279999997736
500 0.00817074000001412
600 0.013063759999977265
700 0.01852972000003774
750 0.023563000000012834
800 0.026040100000000167
900 0.037364260000003924
1000 0.04371360000002369
1500 0.12347539999998389
2000 0.2613862200000085
2500 0.4470104999999876
3000 0.7729041800000005
3500 1.100465700000018
4000 1.6944176400000288
4500 1.9601088599999912
5000 2.5545965999999907
5500 4.117712459999984
6000 4.364415560000043
7000 7.389233220000051
8000 9.940354680000018
9000 14.325033520000034
10000 19.619191519999912
