3 3.9240000023710306e-05
4 3.944000000046799e-05
5 3.944000000046799e-05
10 4.1579999947316534e-05
20 4.695999998602929e-05
30 5.6740000013633106e-05
40 6.228000002010959e-05
45 9.869999998954882e-05
50 0.00011941999998725805
55 7.539999999153224e-05
60 7.129999994504033e-05
75 0.00010296000000380446
100 0.00015883999999459774
125 0.00016981999997369712
160 0.00019130000000586734
200 0.0002513600000384031
250 0.0004382000000077824
350 0.000649440000006507
500 0.001697520000016084
600 0.003570839999974851
700 0.004792280000015125
750 0.006220339999958924
800 0.007040160000019569
900 0.008600080000041999
1000 0.011262159999978394
1500 0.03392982000000302
2000 0.08397280000001502
2500 0.1399969399999918
3000 0.2218169400000079
3500 0.32010736000002
4000 0.4442405600000029
4500 0.5864562200000136
5000 0.7574279600000182
5500 0.982917660000021
6000 1.1843509800000447
7000 1.771526380000023
8000 2.464948400000003
9000 3.2372694799999406
10000 4.281443020000006
