3 0.0023447999997188163 148 
4 0.00013280000030135852 176 
5 6.56000001981738e-05 212 
10 8.310000021083397e-05 512 
20 7.410000034724362e-05 1712 
30 0.00011840000024676556 3712 
40 0.00030269999979282147 6512 
45 0.00021740000011050142 8212 
50 0.00025279999999838765 10112 
55 7.840000034775585e-05 12212 
60 6.800000028306386e-05 14512 
75 9.190000037051504e-05 22612 
100 0.00019270000029791845 40112 
125 0.000331800000367366 62612 
160 0.000471699999707198 102512 
200 0.0008300999998027692 160112 
250 0.0017067999997379957 250112 
350 0.0027451999999357213 490112 
500 0.00633239999979196 1000112 
600 0.009913000000324246 1440112 
700 0.014424699999835866 1960112 
750 0.01753069999995205 2250112 
800 0.026799499999924592 2560112 
900 0.03055050000011761 3240112 
1000 0.05427540000027875 4000112 
1500 0.1553991999999198 9000112 
1700 0.14931109999997716 11560112 
